Line 27865:  ||||| 1867 ||||| fic ||||| 9487
Line 56890:  ||||| 1879 ||||| fic ||||| 9853
Line 133704:  ||||| 2012 ||||| news ||||| 4113813
Line 133712:  ||||| 2012 ||||| news ||||| 4113828
Line 133731:  ||||| 2012 ||||| news ||||| 4113860
Line 134701:  ||||| 2012 ||||| news ||||| 4115166
Line 135013:  ||||| 2012 ||||| news ||||| 4127393
Line 185605:  ||||| 2010 ||||| news ||||| 4078980
Line 192085:  ||||| 2005 ||||| news ||||| 3057924
Line 200098:  ||||| 2002 ||||| spok ||||| 64198
Line 214648:  ||||| 1998 ||||| mag ||||| 2005530
Line 232026:  ||||| 2013 ||||| fic ||||| 4159905
Line 239687:  ||||| 2013 ||||| news ||||| 4128705
Line 267122:  ||||| 2000 ||||| news ||||| 3049887
Line 296240:  ||||| 2003 ||||| news ||||| 3003600
Line 296714:  ||||| 2003 ||||| news ||||| 3019204
Line 303621:  ||||| 2014 ||||| mag ||||| 4134901
Line 305802:  ||||| 2014 ||||| mag ||||| 4123169
Line 306464:  ||||| 2014 ||||| mag ||||| 4150101
Line 307195:  ||||| 2014 ||||| mag ||||| 4134670
Line 319071:  ||||| 2013 ||||| mag ||||| 4128249
Line 319074:  ||||| 2013 ||||| mag ||||| 4130941
Line 319076:  ||||| 2013 ||||| mag ||||| 4129243
Line 319078:  ||||| 2013 ||||| mag ||||| 4133602
Line 319082:  ||||| 2013 ||||| mag ||||| 4141206
Line 319177:  ||||| 2013 ||||| mag ||||| 4133724
Line 319179:  ||||| 2013 ||||| mag ||||| 4135707
Line 319180:  ||||| 2013 ||||| mag ||||| 4138630
Line 319181:  ||||| 2013 ||||| mag ||||| 4143634
Line 319182:  ||||| 2013 ||||| mag ||||| 4148257
Line 319371:  ||||| 2013 ||||| mag ||||| 4122932
Line 319565:  ||||| 2013 ||||| mag ||||| 4136595
Line 319674:  ||||| 2013 ||||| mag ||||| 4148408
Line 320170:  ||||| 2013 ||||| mag ||||| 4144743
Line 320535:  ||||| 2013 ||||| mag ||||| 4146665
Line 320559:  ||||| 2013 ||||| mag ||||| 4132450
Line 344322:  ||||| 2015 ||||| mag ||||| 4135551
Line 344687:  ||||| 2015 ||||| mag ||||| 4146966
Line 346139:  ||||| 2015 ||||| mag ||||| 4137412
Line 346364:  ||||| 2015 ||||| mag ||||| 4136521
Line 357439:  ||||| 2004 ||||| spok ||||| 67896

[baesn@spartan-login3 COHACOCA]$ awk -F ' \\|\\|\\|\\|\\| ' '{print $3}' coha.coca.cleaned.lc2.no-numb.noacad | sort | uniq -c | sed 's/^[[:spac
e:]]*//'

1 1013862
1 2009789
1 2017911
1 3049557
1 3054052
1 3071942
1 3072468
1 3072477
1 3072481
1 3073291
1 3073359
1 4024219
1 4084001
1 4123078
2 4124585
1 4129342
1 4129982
1 4132205
1 4133409
1 4133516
1 4134836
1 4137394
1 4145315
1 4146668
1 4146669
1 4148615
1 4188609
1 4198419
1 5015911
1 5016643
1 5220342
25418 acad
30496 fic
136478 mag
113425 news
2635 nf
43210 spok
18397 tvm

# Note: Results after manually checking final file: 

[baesn@spartan-login1 COHACOCA]$ awk -F ' \\|\\|\\|\\|\\| ' '{print $3}' coha.coca.cleaned2.noacad.mental.contexts | sort | uniq -c | sed 's/^[[:space:]]*//'
1547 fic
3240 mag
1920 news
661 nf
1783 spok
287 tvm

[baesn@spartan-login1 COHACOCA]$ awk -F ' \\|\\|\\|\\|\\| ' '{print $2}' coha.coca.cleaned2.noacad.mental.contexts | sort | uniq -c | sed 's/^[[:space:]]*//'
1 1810
1 1815
3 1816
4 1817
1 1818
1 1819
2 1820
4 1821
8 1822
7 1823
6 1824
2 1825
3 1826
11 1827
8 1828
7 1829
8 1830
9 1831
13 1832
16 1833
16 1834
27 1835
14 1836
8 1837
13 1838
19 1839
9 1840
9 1841
9 1842
12 1843
16 1844
24 1845
17 1846
15 1847
16 1848
12 1849
24 1850
19 1851
18 1852
18 1853
15 1854
16 1855
15 1856
10 1857
13 1858
15 1859
15 1860
10 1861
23 1862
23 1863
17 1864
8 1865
15 1866
13 1867
22 1868
16 1869
15 1870
15 1871
11 1872
28 1873
21 1874
14 1875
29 1876
13 1877
9 1878
18 1879
16 1880
16 1881
17 1882
21 1883
12 1884
16 1885
15 1886
29 1887
12 1888
26 1889
17 1890
14 1891
15 1892
17 1893
12 1894
11 1895
19 1896
19 1897
18 1898
18 1899
17 1900
12 1901
15 1902
12 1903
14 1904
20 1905
9 1906
13 1907
7 1908
17 1909
22 1910
15 1911
15 1912
12 1913
20 1914
17 1915
16 1916
15 1917
11 1918
11 1919
17 1920
18 1921
23 1922
12 1923
7 1924
9 1925
5 1926
9 1927
4 1928
9 1929
7 1930
15 1931
7 1932
6 1933
5 1934
9 1935
6 1936
10 1937
12 1938
9 1939
8 1940
16 1941
12 1942
11 1943
6 1944
8 1945
14 1946
11 1947
10 1948
9 1949
15 1950
9 1951
6 1952
10 1953
14 1954
15 1955
11 1956
12 1957
15 1958
13 1959
11 1960
13 1961
12 1962
6 1963
14 1964
13 1965
11 1966
21 1967
17 1968
24 1969
16 1970
26 1971
17 1972
19 1973
20 1974
14 1975
17 1976
26 1977
17 1978
28 1979
34 1980
33 1981
27 1982
25 1983
34 1984
34 1985
28 1986
38 1987
37 1988
33 1989
293 1990
286 1991
281 1992
298 1993
276 1994
265 1995
245 1996
262 1997
245 1998
249 1999
254 2000
266 2001
225 2002
263 2003
290 2004
242 2005
275 2006
227 2007
181 2008
204 2009
151 2010
183 2011
199 2012
161 2013
187 2014
211 2015
149 2016
173 2017
166 2018
163 2019

